11111
22222
3333311111
22222
3333311111
22222
3333311111
22222
3333311111
22222
3333311111
22222
3333311111
22222
3333311111
22222
3333311111
22222
3333311111
22222
3333311111
22222
3333311111
22222
3333311111
22222
3333311111
22222
3333311111
22222
3333311111
22222
3333311111
22222
3333311111
22222
3333311111
22222
3333311111
22222
3333311111
22222
3333311111
22222
3333311111
22222
3333311111
22222
3333311111
22222
3333311111
22222
3333311111
22222
3333311111
22222
3333311111
22222
3333311111
22222
3333311111
22222
3333311111
22222
3333311111
22222
3333311111
22222
3333311111
22222
3333311111
22222
3333311111
22222
3333311111
22222
3333311111
22222
3333311111
22222
3333311111
22222
3333311111
22222
3333311111
22222
3333311111
22222
3333311111
22222
3333311111
22222
3333311111
22222
3333311111
22222
3333311111
22222
3333311111
22222
3333311111
22222
3333311111
22222
3333311111
22222
3333311111
22222
3333311111
22222
3333311111
22222
3333311111
22222
3333311111
22222
3333311111
22222
3333311111
22222
3333311111
22222
3333311111
22222
3333311111
22222
3333311111
22222
3333311111
22222
3333311111
22222
3333311111
22222
3333311111
22222
3333311111
22222
3333311111
22222
3333311111
22222
3333311111
22222
3333311111
22222
3333311111
22222
3333311111
22222
3333311111
22222
3333311111
22222
3333311111
22222
3333311111
22222
3333311111
22222
3333311111
22222
3333311111
22222
3333311111
22222
3333311111
22222
3333311111
22222
3333311111
22222
3333311111
22222
3333311111
22222
3333311111
22222
3333311111
22222
3333311111
22222
3333311111
22222
3333311111
22222
3333311111
22222
3333311111
22222
3333311111
22222
3333311111
22222
3333311111
22222
3333311111
22222
3333311111
22222
3333311111
22222
3333311111
22222
3333311111
22222
3333311111
22222
3333311111
22222
3333311111
22222
3333311111
22222
3333311111
22222
3333311111
22222
3333311111
22222
3333311111
22222
33333
